0 9.9
0.1 -18.4054
0.2 -31.9328
0.3 -35.5345
0.4 -32.8787
0.5 -26.6733
0.6 -18.8574
0.7 -10.7623
0.8 -3.24801
0.9 3.18454
1 8.3
1.1 12.0529
1.2 14.5268
1.3 15.886
1.4 16.3383
1.5 16.1071
1.6 15.4104
1.7 14.4474
1.8 13.3887
1.9 12.3719
2 11.5
2.1 10.8416
2.2 10.4341
2.3 10.2868
2.4 10.3862
2.5 10.7002
2.6 11.1836
2.7 11.7826
2.8 12.4396
2.9 13.0969
3 13.7
3.1 14.2009
3.2 14.5597
3.3 14.7462
3.4 14.7411
3.5 14.5356
3.6 14.132
3.7 13.542
3.8 12.7868
3.9 11.8947
4 10.9
4.1 9.84143
4.2 8.75999
4.3 7.69737
4.4 6.6942
4.5 5.78841
4.6 5.01384
4.7 4.39904
4.8 3.96623
4.9 3.73062
5 3.7
5.1 3.87453
5.2 4.24689
5.3 4.80266
5.4 5.5209
5.5 6.37507
5.6 7.33398
5.7 8.36299
5.8 9.42531
5.9 10.4833
6 11.5
6.1 12.4402
6.2 13.2719
6.3 13.9675
6.4 14.5048
6.5 14.8679
6.6 15.0474
6.7 15.0414
6.8 14.8553
6.9 14.5018
7 14
7.1 13.3755
7.2 12.6588
7.3 11.8845
7.4 11.0898
7.5 10.3128
7.6 9.59138
7.7 8.96081
7.8 8.45262
7.9 8.09272
8 7.9
8.1 7.88508
8.2 8.04933
8.3 8.38431
8.4 8.87158
8.5 9.48304
8.6 10.1818
8.7 10.9236
8.8 11.6588
8.9 12.3349
9 12.9
9.1 13.3057
9.2 13.5117
9.3 13.4893
9.4 13.2258
9.5 12.7279
9.6 12.025
9.7 11.171
9.8 10.2447
9.9 9.34773
10 8.6
10.1 8.13096
10.2 8.06638
10.3 8.50923
10.4 9.51351
10.5 11.0496
10.6 12.9593
10.7 14.8997
10.8 16.2719
10.9 16.1349
11 13.1
