0	  12.7054
0.1	  12.7014
0.2	  12.6973
0.3	  12.6932
0.4	  12.6892
0.5	  12.6851
0.6	  12.6811
0.7	  12.677
0.8	  12.6729
0.9	  12.6689
1	  12.6648
1.1	  12.6607
1.2	  12.6567
1.3	  12.6526
1.4	  12.6486
1.5	  12.6445
1.6	  12.6404
1.7	  12.6364
1.8	  12.6323
1.9	  12.6283
2	  12.6242
2.1	  12.6201
2.2	  12.6161
2.3	  12.612
2.4	  12.6079
2.5	  12.6039
2.6	  12.5998
2.7	  12.5958
2.8	  12.5917
2.9	  12.5876
3	  12.5836
3.1	  12.5795
3.2	  12.5755
3.3	  12.5714
3.4	  12.5673
3.5	  12.5633
3.6	  12.5592
3.7	  12.5551
3.8	  12.5511
3.9	  12.547
4	  12.543
4.1	  12.5389
4.2	  12.5348
4.3	  12.5308
4.4	  12.5267
4.5	  12.5227
4.6	  12.5186
4.7	  12.5145
4.8	  12.5105
4.9	  12.5064
5	  12.5024
5.1	  12.4983
5.2	  12.4942
5.3	  12.4902
5.4	  12.4861
5.5	  12.482
5.6	  12.478
5.7	  12.4739
5.8	  12.4699
5.9	  12.4658
6	  12.4617
6.1	  12.4577
6.2	  12.4536
6.3	  12.4496
6.4	  12.4455
6.5	  12.4414
6.6	  12.4374
6.7	  12.4333
6.8	  12.4292
6.9	  12.4252
7	  12.4211
7.1	  12.4171
7.2	  12.413
7.3	  12.4089
7.4	  12.4049
7.5	  12.4008
7.6	  12.3968
7.7	  12.3927
7.8	  12.3886
7.9	  12.3846
8	  12.3805
8.1	  12.3764
8.2	  12.3724
8.3	  12.3683
8.4	  12.3643
8.5	  12.3602
8.6	  12.3561
8.7	  12.3521
8.8	  12.348
8.9	  12.344
9	  12.3399
9.1	  12.3358
9.2	  12.3318
9.3	  12.3277
9.4	  12.3236
9.5	  12.3196
9.6	  12.3155
9.7	  12.3115
9.8	  12.3074
9.9	  12.3033
10	  12.2993
10.1	  12.2952
10.2	  12.2912
10.3	  12.2871
10.4	  12.283
10.5	  12.279
10.6	  12.2749
10.7	  12.2708
10.8	  12.2668
10.9	  12.2627
11	  12.2587
11.1	  12.2546
11.2	  12.2505
11.3	  12.2465
11.4	  12.2424
11.5	  12.2384
11.6	  12.2343
11.7	  12.2302
11.8	  12.2262
11.9	  12.2221
12	  12.218
12.1	  12.214
12.2	  12.2099
12.3	  12.2059
12.4	  12.2018
12.5	  12.1977
12.6	  12.1937
12.7	  12.1896
12.8	  12.1856
12.9	  12.1815
13	  12.1774
13.1	  12.1734
13.2	  12.1693
13.3	  12.1652
13.4	  12.1612
13.5	  12.1571
13.6	  12.1531
13.7	  12.149
13.8	  12.1449
13.9	  12.1409
14	  12.1368
14.1	  12.1328
14.2	  12.1287
14.3	  12.1246
14.4	  12.1206
14.5	  12.1165
14.6	  12.1125
14.7	  12.1084
14.8	  12.1043
14.9	  12.1003
15	  12.0962
15.1	  12.0921
15.2	  12.0881
15.3	  12.084
15.4	  12.08
15.5	  12.0759
15.6	  12.0718
15.7	  12.0678
15.8	  12.0637
15.9	  12.0597
16	  12.0556
16.1	  12.0515
16.2	  12.0475
16.3	  12.0434
16.4	  12.0393
16.5	  12.0353
16.6	  12.0312
16.7	  12.0272
16.8	  12.0231
16.9	  12.019
17	  12.015
17.1	  12.0109
17.2	  12.0069
17.3	  12.0028
17.4	  11.9987
17.5	  11.9947
17.6	  11.9906
17.7	  11.9865
17.8	  11.9825
17.9	  11.9784
18	  11.9744
18.1	  11.9703
18.2	  11.9662
18.3	  11.9622
18.4	  11.9581
18.5	  11.9541
18.6	  11.95
18.7	  11.9459
18.8	  11.9419
18.9	  11.9378
19	  11.9337
19.1	  11.9297
19.2	  11.9256
19.3	  11.9216
19.4	  11.9175
19.5	  11.9134
19.6	  11.9094
19.7	  11.9053
19.8	  11.9013
19.9	  11.8972
20	  11.8931
20.1	  11.8891
20.2	  11.885
20.3	  11.8809
20.4	  11.8769
20.5	  11.8728
20.6	  11.8688
20.7	  11.8647
20.8	  11.8606
20.9	  11.8566
21	  11.8525
21.1	  11.8485
21.2	  11.8444
21.3	  11.8403
21.4	  11.8363
21.5	  11.8322
21.6	  11.8281
21.7	  11.8241
21.8	  11.82
21.9	  11.816
22	  11.8119
22.1	  11.8078
22.2	  11.8038
22.3	  11.7997
22.4	  11.7957
22.5	  11.7916
22.6	  11.7875
22.7	  11.7835
22.8	  11.7794
22.9	  11.7753
23	  11.7713
23.1	  11.7672
23.2	  11.7632
23.3	  11.7591
23.4	  11.755
23.5	  11.751
23.6	  11.7469
23.7	  11.7429
23.8	  11.7388
23.9	  11.7347
24	  11.7307
24.1	  11.7266
24.2	  11.7226
24.3	  11.7185
24.4	  11.7144
24.5	  11.7104
24.6	  11.7063
24.7	  11.7022
24.8	  11.6982
24.9	  11.6941
25	  11.6901
25.1	  11.686
25.2	  11.6819
25.3	  11.6779
25.4	  11.6738
25.5	  11.6698
25.6	  11.6657
25.7	  11.6616
25.8	  11.6576
25.9	  11.6535
26	  11.6494
26.1	  11.6454
26.2	  11.6413
26.3	  11.6373
26.4	  11.6332
26.5	  11.6291
26.6	  11.6251
26.7	  11.621
26.8	  11.617
26.9	  11.6129
27	  11.6088
27.1	  11.6048
27.2	  11.6007
27.3	  11.5966
27.4	  11.5926
27.5	  11.5885
27.6	  11.5845
27.7	  11.5804
27.8	  11.5763
27.9	  11.5723
28	  11.5682
28.1	  11.5642
28.2	  11.5601
28.3	  11.556
28.4	  11.552
28.5	  11.5479
28.6	  11.5438
28.7	  11.5398
28.8	  11.5357
28.9	  11.5317
29	  11.5276
29.1	  11.5235
29.2	  11.5195
29.3	  11.5154
29.4	  11.5114
29.5	  11.5073
29.6	  11.5032
29.7	  11.4992
29.8	  11.4951
29.9	  11.491
30	  11.487
30.1	  11.4829
30.2	  11.4789
30.3	  11.4748
30.4	  11.4707
30.5	  11.4667
30.6	  11.4626
30.7	  11.4586
30.8	  11.4545
30.9	  11.4504
31	  11.4464
31.1	  11.4423
31.2	  11.4382
31.3	  11.4342
31.4	  11.4301
31.5	  11.4261
31.6	  11.422
31.7	  11.4179
31.8	  11.4139
31.9	  11.4098
32	  11.4058
32.1	  11.4017
32.2	  11.3976
32.3	  11.3936
32.4	  11.3895
32.5	  11.3854
32.6	  11.3814
32.7	  11.3773
32.8	  11.3733
32.9	  11.3692
33	  11.3651
33.1	  11.3611
33.2	  11.357
33.3	  11.353
33.4	  11.3489
33.5	  11.3448
33.6	  11.3408
33.7	  11.3367
33.8	  11.3327
33.9	  11.3286
34	  11.3245
34.1	  11.3205
34.2	  11.3164
34.3	  11.3123
34.4	  11.3083
34.5	  11.3042
34.6	  11.3002
34.7	  11.2961
34.8	  11.292
34.9	  11.288
35	  11.2839
35.1	  11.2799
35.2	  11.2758
35.3	  11.2717
35.4	  11.2677
35.5	  11.2636
35.6	  11.2595
35.7	  11.2555
35.8	  11.2514
35.9	  11.2474
36	  11.2433
36.1	  11.2392
36.2	  11.2352
36.3	  11.2311
36.4	  11.2271
36.5	  11.223
36.6	  11.2189
36.7	  11.2149
36.8	  11.2108
36.9	  11.2067
37	  11.2027
37.1	  11.1986
37.2	  11.1946
37.3	  11.1905
37.4	  11.1864
37.5	  11.1824
37.6	  11.1783
37.7	  11.1743
37.8	  11.1702
37.9	  11.1661
38	  11.1621
38.1	  11.158
38.2	  11.1539
38.3	  11.1499
38.4	  11.1458
38.5	  11.1418
38.6	  11.1377
38.7	  11.1336
38.8	  11.1296
38.9	  11.1255
39	  11.1215
39.1	  11.1174
39.2	  11.1133
39.3	  11.1093
39.4	  11.1052
39.5	  11.1011
39.6	  11.0971
39.7	  11.093
39.8	  11.089
39.9	  11.0849
40	  11.0808
40.1	  11.0768
40.2	  11.0727
40.3	  11.0687
40.4	  11.0646
40.5	  11.0605
40.6	  11.0565
40.7	  11.0524
40.8	  11.0483
40.9	  11.0443
41	  11.0402
41.1	  11.0362
41.2	  11.0321
41.3	  11.028
41.4	  11.024
41.5	  11.0199
41.6	  11.0159
41.7	  11.0118
41.8	  11.0077
41.9	  11.0037
42	  10.9996
42.1	  10.9955
42.2	  10.9915
42.3	  10.9874
42.4	  10.9834
42.5	  10.9793
42.6	  10.9752
42.7	  10.9712
42.8	  10.9671
42.9	  10.9631
43	  10.959
43.1	  10.9549
43.2	  10.9509
43.3	  10.9468
43.4	  10.9428
43.5	  10.9387
43.6	  10.9346
43.7	  10.9306
43.8	  10.9265
43.9	  10.9224
44	  10.9184
44.1	  10.9143
44.2	  10.9103
44.3	  10.9062
44.4	  10.9021
44.5	  10.8981
44.6	  10.894
44.7	  10.89
44.8	  10.8859
44.9	  10.8818
45	  10.8778
45.1	  10.8737
45.2	  10.8696
45.3	  10.8656
45.4	  10.8615
45.5	  10.8575
45.6	  10.8534
45.7	  10.8493
45.8	  10.8453
45.9	  10.8412
46	  10.8372
46.1	  10.8331
46.2	  10.829
46.3	  10.825
46.4	  10.8209
46.5	  10.8168
46.6	  10.8128
46.7	  10.8087
46.8	  10.8047
46.9	  10.8006
47	  10.7965
47.1	  10.7925
47.2	  10.7884
47.3	  10.7844
47.4	  10.7803
47.5	  10.7762
47.6	  10.7722
47.7	  10.7681
47.8	  10.764
47.9	  10.76
48	  10.7559
48.1	  10.7519
48.2	  10.7478
48.3	  10.7437
48.4	  10.7397
48.5	  10.7356
48.6	  10.7316
48.7	  10.7275
48.8	  10.7234
48.9	  10.7194
49	  10.7153
49.1	  10.7112
49.2	  10.7072
49.3	  10.7031
49.4	  10.6991
49.5	  10.695
49.6	  10.6909
49.7	  10.6869
49.8	  10.6828
49.9	  10.6788
50	  10.6747
50.1	  10.6706
50.2	  10.6666
50.3	  10.6625
50.4	  10.6584
50.5	  10.6544
50.6	  10.6503
50.7	  10.6463
50.8	  10.6422
50.9	  10.6381
51	  10.6341
51.1	  10.63
51.2	  10.626
51.3	  10.6219
51.4	  10.6178
51.5	  10.6138
51.6	  10.6097
51.7	  10.6056
51.8	  10.6016
51.9	  10.5975
52	  10.5935
52.1	  10.5894
52.2	  10.5853
52.3	  10.5813
52.4	  10.5772
52.5	  10.5732
52.6	  10.5691
52.7	  10.565
52.8	  10.561
52.9	  10.5569
53	  10.5528
53.1	  10.5488
53.2	  10.5447
53.3	  10.5407
53.4	  10.5366
53.5	  10.5325
53.6	  10.5285
53.7	  10.5244
53.8	  10.5204
53.9	  10.5163
54	  10.5122
54.1	  10.5082
54.2	  10.5041
54.3	  10.5001
54.4	  10.496
54.5	  10.4919
54.6	  10.4879
54.7	  10.4838
54.8	  10.4797
54.9	  10.4757
55	  10.4716
55.1	  10.4676
55.2	  10.4635
55.3	  10.4594
55.4	  10.4554
55.5	  10.4513
55.6	  10.4473
55.7	  10.4432
55.8	  10.4391
55.9	  10.4351
56	  10.431
56.1	  10.4269
56.2	  10.4229
56.3	  10.4188
56.4	  10.4148
56.5	  10.4107
56.6	  10.4066
56.7	  10.4026
56.8	  10.3985
56.9	  10.3945
57	  10.3904
57.1	  10.3863
57.2	  10.3823
57.3	  10.3782
57.4	  10.3741
57.5	  10.3701
57.6	  10.366
57.7	  10.362
57.8	  10.3579
57.9	  10.3538
58	  10.3498
58.1	  10.3457
58.2	  10.3417
58.3	  10.3376
58.4	  10.3335
58.5	  10.3295
58.6	  10.3254
58.7	  10.3213
58.8	  10.3173
58.9	  10.3132
59	  10.3092
59.1	  10.3051
59.2	  10.301
59.3	  10.297
59.4	  10.2929
59.5	  10.2889
59.6	  10.2848
59.7	  10.2807
59.8	  10.2767
59.9	  10.2726
60	  10.2685
60.1	  10.2645
60.2	  10.2604
60.3	  10.2564
60.4	  10.2523
60.5	  10.2482
60.6	  10.2442
60.7	  10.2401
60.8	  10.2361
60.9	  10.232
61	  10.2279
61.1	  10.2239
61.2	  10.2198
61.3	  10.2157
61.4	  10.2117
61.5	  10.2076
61.6	  10.2036
61.7	  10.1995
61.8	  10.1954
61.9	  10.1914
62	  10.1873
62.1	  10.1833
62.2	  10.1792
62.3	  10.1751
62.4	  10.1711
62.5	  10.167
62.6	  10.1629
62.7	  10.1589
62.8	  10.1548
62.9	  10.1508
63	  10.1467
63.1	  10.1426
63.2	  10.1386
63.3	  10.1345
63.4	  10.1305
63.5	  10.1264
63.6	  10.1223
63.7	  10.1183
63.8	  10.1142
63.9	  10.1102
64	  10.1061
64.1	  10.102
64.2	  10.098
64.3	  10.0939
64.4	  10.0898
64.5	  10.0858
64.6	  10.0817
64.7	  10.0777
64.8	  10.0736
64.9	  10.0695
65	  10.0655
65.1	  10.0614
65.2	  10.0574
65.3	  10.0533
65.4	  10.0492
65.5	  10.0452
65.6	  10.0411
65.7	  10.037
65.8	  10.033
65.9	  10.0289
66	  10.0249
66.1	  10.0208
66.2	  10.0167
66.3	  10.0127
66.4	  10.0086
66.5	  10.0046
66.6	  10.0005
66.7	  9.99643
66.8	  9.99237
66.9	  9.98831
67	  9.98425
67.1	  9.98018
67.2	  9.97612
67.3	  9.97206
67.4	  9.968
67.5	  9.96394
67.6	  9.95988
67.7	  9.95582
67.8	  9.95175
67.9	  9.94769
68	  9.94363
68.1	  9.93957
68.2	  9.93551
68.3	  9.93145
68.4	  9.92739
68.5	  9.92332
68.6	  9.91926
68.7	  9.9152
68.8	  9.91114
68.9	  9.90708
69	  9.90302
69.1	  9.89895
69.2	  9.89489
69.3	  9.89083
69.4	  9.88677
69.5	  9.88271
69.6	  9.87865
69.7	  9.87459
69.8	  9.87052
69.9	  9.86646
70	  9.8624
70.1	  9.85834
70.2	  9.85428
70.3	  9.85022
70.4	  9.84616
70.5	  9.84209
70.6	  9.83803
70.7	  9.83397
70.8	  9.82991
70.9	  9.82585
71	  9.82179
71.1	  9.81773
71.2	  9.81366
71.3	  9.8096
71.4	  9.80554
71.5	  9.80148
71.6	  9.79742
71.7	  9.79336
71.8	  9.7893
71.9	  9.78523
72	  9.78117
72.1	  9.77711
72.2	  9.77305
72.3	  9.76899
72.4	  9.76493
72.5	  9.76087
72.6	  9.7568
72.7	  9.75274
72.8	  9.74868
72.9	  9.74462
73	  9.74056
73.1	  9.7365
73.2	  9.73244
73.3	  9.72837
73.4	  9.72431
73.5	  9.72025
73.6	  9.71619
73.7	  9.71213
73.8	  9.70807
73.9	  9.704
74	  9.69994
74.1	  9.69588
74.2	  9.69182
74.3	  9.68776
74.4	  9.6837
74.5	  9.67964
74.6	  9.67557
74.7	  9.67151
74.8	  9.66745
74.9	  9.66339
75	  9.65933
75.1	  9.65527
75.2	  9.65121
75.3	  9.64714
75.4	  9.64308
75.5	  9.63902
75.6	  9.63496
75.7	  9.6309
75.8	  9.62684
75.9	  9.62278
76	  9.61871
76.1	  9.61465
76.2	  9.61059
76.3	  9.60653
76.4	  9.60247
76.5	  9.59841
76.6	  9.59435
76.7	  9.59028
76.8	  9.58622
76.9	  9.58216
77	  9.5781
77.1	  9.57404
77.2	  9.56998
77.3	  9.56592
77.4	  9.56185
77.5	  9.55779
77.6	  9.55373
77.7	  9.54967
77.8	  9.54561
77.9	  9.54155
78	  9.53748
78.1	  9.53342
78.2	  9.52936
78.3	  9.5253
78.4	  9.52124
78.5	  9.51718
78.6	  9.51312
78.7	  9.50905
78.8	  9.50499
78.9	  9.50093
79	  9.49687
79.1	  9.49281
79.2	  9.48875
79.3	  9.48469
79.4	  9.48062
79.5	  9.47656
79.6	  9.4725
79.7	  9.46844
79.8	  9.46438
79.9	  9.46032
80	  9.45626
80.1	  9.45219
80.2	  9.44813
80.3	  9.44407
80.4	  9.44001
80.5	  9.43595
80.6	  9.43189
80.7	  9.42783
80.8	  9.42376
80.9	  9.4197
81	  9.41564
81.1	  9.41158
81.2	  9.40752
81.3	  9.40346
81.4	  9.3994
81.5	  9.39533
81.6	  9.39127
81.7	  9.38721
81.8	  9.38315
81.9	  9.37909
82	  9.37503
82.1	  9.37097
82.2	  9.3669
82.3	  9.36284
82.4	  9.35878
82.5	  9.35472
82.6	  9.35066
82.7	  9.3466
82.8	  9.34253
82.9	  9.33847
83	  9.33441
83.1	  9.33035
83.2	  9.32629
83.3	  9.32223
83.4	  9.31817
83.5	  9.3141
83.6	  9.31004
83.7	  9.30598
83.8	  9.30192
83.9	  9.29786
84	  9.2938
84.1	  9.28974
84.2	  9.28567
84.3	  9.28161
84.4	  9.27755
84.5	  9.27349
84.6	  9.26943
84.7	  9.26537
84.8	  9.26131
84.9	  9.25724
85	  9.25318
85.1	  9.24912
85.2	  9.24506
85.3	  9.241
85.4	  9.23694
85.5	  9.23288
85.6	  9.22881
85.7	  9.22475
85.8	  9.22069
85.9	  9.21663
86	  9.21257
86.1	  9.20851
86.2	  9.20445
86.3	  9.20038
86.4	  9.19632
86.5	  9.19226
86.6	  9.1882
86.7	  9.18414
86.8	  9.18008
86.9	  9.17601
87	  9.17195
87.1	  9.16789
87.2	  9.16383
87.3	  9.15977
87.4	  9.15571
87.5	  9.15165
87.6	  9.14758
87.7	  9.14352
87.8	  9.13946
87.9	  9.1354
88	  9.13134
88.1	  9.12728
88.2	  9.12322
88.3	  9.11915
88.4	  9.11509
88.5	  9.11103
88.6	  9.10697
88.7	  9.10291
88.8	  9.09885
88.9	  9.09479
89	  9.09072
89.1	  9.08666
89.2	  9.0826
89.3	  9.07854
89.4	  9.07448
89.5	  9.07042
89.6	  9.06636
89.7	  9.06229
89.8	  9.05823
89.9	  9.05417
90	  9.05011
90.1	  9.04605
90.2	  9.04199
90.3	  9.03793
90.4	  9.03386
90.5	  9.0298
90.6	  9.02574
90.7	  9.02168
90.8	  9.01762
90.9	  9.01356
91	  9.0095
91.1	  9.00543
91.2	  9.00137
91.3	  8.99731
91.4	  8.99325
91.5	  8.98919
91.6	  8.98513
91.7	  8.98106
91.8	  8.977
91.9	  8.97294
92	  8.96888
92.1	  8.96482
92.2	  8.96076
92.3	  8.9567
92.4	  8.95263
92.5	  8.94857
92.6	  8.94451
92.7	  8.94045
92.8	  8.93639
92.9	  8.93233
93	  8.92827
93.1	  8.9242
93.2	  8.92014
93.3	  8.91608
93.4	  8.91202
93.5	  8.90796
93.6	  8.9039
93.7	  8.89984
93.8	  8.89577
93.9	  8.89171
94	  8.88765
94.1	  8.88359
94.2	  8.87953
94.3	  8.87547
94.4	  8.87141
94.5	  8.86734
94.6	  8.86328
94.7	  8.85922
94.8	  8.85516
94.9	  8.8511
95	  8.84704
95.1	  8.84298
95.2	  8.83891
95.3	  8.83485
95.4	  8.83079
95.5	  8.82673
95.6	  8.82267
95.7	  8.81861
95.8	  8.81454
95.9	  8.81048
96	  8.80642
96.1	  8.80236
96.2	  8.7983
96.3	  8.79424
96.4	  8.79018
96.5	  8.78611
96.6	  8.78205
96.7	  8.77799
96.8	  8.77393
96.9	  8.76987
97	  8.76581
97.1	  8.76175
97.2	  8.75768
97.3	  8.75362
97.4	  8.74956
97.5	  8.7455
97.6	  8.74144
97.7	  8.73738
97.8	  8.73332
97.9	  8.72925
98	  8.72519
98.1	  8.72113
98.2	  8.71707
98.3	  8.71301
98.4	  8.70895
98.5	  8.70489
98.6	  8.70082
98.7	  8.69676
98.8	  8.6927
98.9	  8.68864
99	  8.68458
99.1	  8.68052
99.2	  8.67646
99.3	  8.67239
99.4	  8.66833
99.5	  8.66427
99.6	  8.66021
99.7	  8.65615
99.8	  8.65209
99.9	  8.64803
100	  8.64396
100.1	  8.6399
100.2	  8.63584
100.3	  8.63178
100.4	  8.62772
100.5	  8.62366
100.6	  8.61959
100.7	  8.61553
100.8	  8.61147
100.9	  8.60741
101	  8.60335
101.1	  8.59929
101.2	  8.59523
101.3	  8.59116
101.4	  8.5871
101.5	  8.58304
101.6	  8.57898
101.7	  8.57492
101.8	  8.57086
101.9	  8.5668
102	  8.56273
102.1	  8.55867
102.2	  8.55461
102.3	  8.55055
102.4	  8.54649
102.5	  8.54243
102.6	  8.53837
102.7	  8.5343
102.8	  8.53024
102.9	  8.52618
103	  8.52212
103.1	  8.51806
103.2	  8.514
103.3	  8.50994
103.4	  8.50587
103.5	  8.50181
103.6	  8.49775
103.7	  8.49369
103.8	  8.48963
103.9	  8.48557
104	  8.48151
104.1	  8.47744
104.2	  8.47338
104.3	  8.46932
104.4	  8.46526
104.5	  8.4612
104.6	  8.45714
104.7	  8.45307
104.8	  8.44901
104.9	  8.44495
105	  8.44089
105.1	  8.43683
105.2	  8.43277
105.3	  8.42871
105.4	  8.42464
105.5	  8.42058
105.6	  8.41652
105.7	  8.41246
105.8	  8.4084
105.9	  8.40434
106	  8.40028
106.1	  8.39621
106.2	  8.39215
106.3	  8.38809
106.4	  8.38403
106.5	  8.37997
106.6	  8.37591
106.7	  8.37185
106.8	  8.36778
106.9	  8.36372
107	  8.35966
107.1	  8.3556
107.2	  8.35154
107.3	  8.34748
107.4	  8.34342
107.5	  8.33935
107.6	  8.33529
107.7	  8.33123
107.8	  8.32717
107.9	  8.32311
108	  8.31905
108.1	  8.31499
108.2	  8.31092
108.3	  8.30686
108.4	  8.3028
108.5	  8.29874
108.6	  8.29468
108.7	  8.29062
108.8	  8.28656
108.9	  8.28249
109	  8.27843
109.1	  8.27437
109.2	  8.27031
109.3	  8.26625
109.4	  8.26219
109.5	  8.25812
109.6	  8.25406
109.7	  8.25
109.8	  8.24594
109.9	  8.24188
110	  8.23782
110.1	  8.23376
110.2	  8.22969
110.3	  8.22563
110.4	  8.22157
110.5	  8.21751
110.6	  8.21345
110.7	  8.20939
110.8	  8.20533
110.9	  8.20126
111	  8.1972
111.1	  8.19314
111.2	  8.18908
111.3	  8.18502
111.4	  8.18096
111.5	  8.1769
111.6	  8.17283
111.7	  8.16877
111.8	  8.16471
111.9	  8.16065
112	  8.15659
112.1	  8.15253
112.2	  8.14847
112.3	  8.1444
112.4	  8.14034
112.5	  8.13628
112.6	  8.13222
112.7	  8.12816
112.8	  8.1241
112.9	  8.12004
113	  8.11597
113.1	  8.11191
113.2	  8.10785
113.3	  8.10379
113.4	  8.09973
113.5	  8.09567
113.6	  8.09161
113.7	  8.08754
113.8	  8.08348
113.9	  8.07942
114	  8.07536
114.1	  8.0713
114.2	  8.06724
114.3	  8.06317
114.4	  8.05911
114.5	  8.05505
114.6	  8.05099
114.7	  8.04693
114.8	  8.04287
114.9	  8.03881
115	  8.03474
115.1	  8.03068
115.2	  8.02662
115.3	  8.02256
115.4	  8.0185
115.5	  8.01444
115.6	  8.01038
115.7	  8.00631
115.8	  8.00225
115.9	  7.99819
116	  7.99413
116.1	  7.99007
116.2	  7.98601
116.3	  7.98195
116.4	  7.97788
116.5	  7.97382
116.6	  7.96976
116.7	  7.9657
116.8	  7.96164
116.9	  7.95758
117	  7.95352
117.1	  7.94945
117.2	  7.94539
117.3	  7.94133
117.4	  7.93727
117.5	  7.93321
117.6	  7.92915
117.7	  7.92509
117.8	  7.92102
117.9	  7.91696
118	  7.9129
118.1	  7.90884
118.2	  7.90478
118.3	  7.90072
118.4	  7.89665
118.5	  7.89259
118.6	  7.88853
118.7	  7.88447
118.8	  7.88041
118.9	  7.87635
119	  7.87229
119.1	  7.86822
119.2	  7.86416
119.3	  7.8601
119.4	  7.85604
119.5	  7.85198
119.6	  7.84792
119.7	  7.84386
119.8	  7.83979
119.9	  7.83573
120	  7.83167
120.1	  7.82761
120.2	  7.82355
120.3	  7.81949
120.4	  7.81543
120.5	  7.81136
120.6	  7.8073
120.7	  7.80324
120.8	  7.79918
120.9	  7.79512
121	  7.79106
121.1	  7.787
121.2	  7.78293
121.3	  7.77887
121.4	  7.77481
121.5	  7.77075
121.6	  7.76669
121.7	  7.76263
121.8	  7.75857
121.9	  7.7545
122	  7.75044
122.1	  7.74638
122.2	  7.74232
122.3	  7.73826
122.4	  7.7342
122.5	  7.73014
122.6	  7.72607
122.7	  7.72201
122.8	  7.71795
122.9	  7.71389
123	  7.70983
123.1	  7.70577
123.2	  7.7017
123.3	  7.69764
123.4	  7.69358
123.5	  7.68952
123.6	  7.68546
123.7	  7.6814
123.8	  7.67734
123.9	  7.67327
124	  7.66921
124.1	  7.66515
124.2	  7.66109
124.3	  7.65703
124.4	  7.65297
124.5	  7.64891
124.6	  7.64484
124.7	  7.64078
124.8	  7.63672
124.9	  7.63266
125	  7.6286
125.1	  7.62454
125.2	  7.62048
125.3	  7.61641
125.4	  7.61235
125.5	  7.60829
125.6	  7.60423
125.7	  7.60017
125.8	  7.59611
125.9	  7.59205
126	  7.58798
126.1	  7.58392
126.2	  7.57986
126.3	  7.5758
126.4	  7.57174
126.5	  7.56768
126.6	  7.56362
126.7	  7.55955
126.8	  7.55549
126.9	  7.55143
127	  7.54737
127.1	  7.54331
127.2	  7.53925
127.3	  7.53518
127.4	  7.53112
127.5	  7.52706
127.6	  7.523
127.7	  7.51894
127.8	  7.51488
127.9	  7.51082
128	  7.50675
128.1	  7.50269
128.2	  7.49863
128.3	  7.49457
128.4	  7.49051
128.5	  7.48645
128.6	  7.48239
128.7	  7.47832
128.8	  7.47426
128.9	  7.4702
129	  7.46614
129.1	  7.46208
129.2	  7.45802
129.3	  7.45396
129.4	  7.44989
129.5	  7.44583
129.6	  7.44177
129.7	  7.43771
129.8	  7.43365
129.9	  7.42959
130	  7.42553
130.1	  7.42146
130.2	  7.4174
130.3	  7.41334
130.4	  7.40928
130.5	  7.40522
130.6	  7.40116
130.7	  7.3971
130.8	  7.39303
130.9	  7.38897
131	  7.38491
131.1	  7.38085
131.2	  7.37679
131.3	  7.37273
131.4	  7.36867
131.5	  7.3646
131.6	  7.36054
131.7	  7.35648
131.8	  7.35242
131.9	  7.34836
132	  7.3443
132.1	  7.34023
132.2	  7.33617
132.3	  7.33211
132.4	  7.32805
132.5	  7.32399
132.6	  7.31993
132.7	  7.31587
132.8	  7.3118
132.9	  7.30774
133	  7.30368
133.1	  7.29962
133.2	  7.29556
133.3	  7.2915
133.4	  7.28744
133.5	  7.28337
133.6	  7.27931
133.7	  7.27525
133.8	  7.27119
133.9	  7.26713
134	  7.26307
134.1	  7.25901
134.2	  7.25494
134.3	  7.25088
134.4	  7.24682
134.5	  7.24276
134.6	  7.2387
134.7	  7.23464
134.8	  7.23058
134.9	  7.22651
135	  7.22245
135.1	  7.21839
135.2	  7.21433
135.3	  7.21027
135.4	  7.20621
135.5	  7.20215
135.6	  7.19808
135.7	  7.19402
135.8	  7.18996
135.9	  7.1859
136	  7.18184
136.1	  7.17778
136.2	  7.17371
136.3	  7.16965
136.4	  7.16559
136.5	  7.16153
136.6	  7.15747
136.7	  7.15341
136.8	  7.14935
136.9	  7.14528
137	  7.14122
137.1	  7.13716
137.2	  7.1331
137.3	  7.12904
137.4	  7.12498
137.5	  7.12092
137.6	  7.11685
137.7	  7.11279
137.8	  7.10873
137.9	  7.10467
138	  7.10061
138.1	  7.09655
138.2	  7.09249
138.3	  7.08842
138.4	  7.08436
138.5	  7.0803
138.6	  7.07624
138.7	  7.07218
138.8	  7.06812
138.9	  7.06406
139	  7.05999
139.1	  7.05593
139.2	  7.05187
139.3	  7.04781
139.4	  7.04375
139.5	  7.03969
139.6	  7.03563
139.7	  7.03156
139.8	  7.0275
139.9	  7.02344
140	  7.01938
140.1	  7.01532
140.2	  7.01126
140.3	  7.0072
140.4	  7.00313
140.5	  6.99907
140.6	  6.99501
140.7	  6.99095
140.8	  6.98689
140.9	  6.98283
141	  6.97876
141.1	  6.9747
141.2	  6.97064
141.3	  6.96658
141.4	  6.96252
141.5	  6.95846
141.6	  6.9544
141.7	  6.95033
141.8	  6.94627
141.9	  6.94221
142	  6.93815
142.1	  6.93409
142.2	  6.93003
142.3	  6.92597
142.4	  6.9219
142.5	  6.91784
142.6	  6.91378
142.7	  6.90972
142.8	  6.90566
142.9	  6.9016
143	  6.89754
143.1	  6.89347
143.2	  6.88941
143.3	  6.88535
143.4	  6.88129
143.5	  6.87723
143.6	  6.87317
143.7	  6.86911
143.8	  6.86504
143.9	  6.86098
144	  6.85692
144.1	  6.85286
144.2	  6.8488
144.3	  6.84474
144.4	  6.84068
144.5	  6.83661
144.6	  6.83255
144.7	  6.82849
144.8	  6.82443
144.9	  6.82037
145	  6.81631
145.1	  6.81225
145.2	  6.80818
145.3	  6.80412
145.4	  6.80006
145.5	  6.796
145.6	  6.79194
145.7	  6.78788
145.8	  6.78381
145.9	  6.77975
146	  6.77569
146.1	  6.77163
146.2	  6.76757
146.3	  6.76351
146.4	  6.75945
146.5	  6.75538
146.6	  6.75132
146.7	  6.74726
146.8	  6.7432
146.9	  6.73914
147	  6.73508
147.1	  6.73102
147.2	  6.72695
147.3	  6.72289
147.4	  6.71883
147.5	  6.71477
147.6	  6.71071
147.7	  6.70665
147.8	  6.70259
147.9	  6.69852
148	  6.69446
148.1	  6.6904
148.2	  6.68634
148.3	  6.68228
148.4	  6.67822
148.5	  6.67416
148.6	  6.67009
148.7	  6.66603
148.8	  6.66197
148.9	  6.65791
149	  6.65385
149.1	  6.64979
149.2	  6.64573
149.3	  6.64166
149.4	  6.6376
149.5	  6.63354
149.6	  6.62948
149.7	  6.62542
149.8	  6.62136
149.9	  6.61729
150	  6.61323
150.1	  6.60917
150.2	  6.60511
150.3	  6.60105
150.4	  6.59699
150.5	  6.59293
150.6	  6.58886
150.7	  6.5848
150.8	  6.58074
150.9	  6.57668
151	  6.57262
151.1	  6.56856
151.2	  6.5645
151.3	  6.56043
151.4	  6.55637
151.5	  6.55231
151.6	  6.54825
151.7	  6.54419
151.8	  6.54013
151.9	  6.53607
152	  6.532
152.1	  6.52794
152.2	  6.52388
152.3	  6.51982
152.4	  6.51576
152.5	  6.5117
152.6	  6.50764
152.7	  6.50357
152.8	  6.49951
152.9	  6.49545
153	  6.49139
153.1	  6.48733
153.2	  6.48327
153.3	  6.47921
153.4	  6.47514
153.5	  6.47108
153.6	  6.46702
153.7	  6.46296
153.8	  6.4589
153.9	  6.45484
154	  6.45078
