0 9.9
1 8.3
2 11.5
3 13.7
4 10.9
5 3.7
6 11.5
7 14
8 7.9
9 12.9
10 8.6
11 13.1
12 13.7
13 9.7
14 11.5
15 13.9
16 12.2
17 10.6
18 7.9
19 12.7
20 11.5
21 12
22 8.5
23 10.6
24 10.6
25 11.8
26 8.6
27 12.9
28 9.7
29 11.6
30 13.9
31 10.4
32 10.5
33 6
34 8.2
35 14.1
36 11.3
37 12.6
38 9.7
39 10.5
40 8.8
41 6.8
42 13.6
43 10.6
44 9.3
45 10.2
46 10.6
47 9.5
48 9.5
49 12.6
50 10.6
51 8.8
52 8.1
53 12.9
54 10.5
55 7
56 8
57 9.9
58 15.1
59 11.4
60 7.8
61 9.7
62 8.8
63 14.1
64 10.7
65 10.2
66 9.6
67 12.2
68 11.6
69 9.3
70 13.8
71 11.4
72 14.4
73 9.2
74 12.8
75 7
76 11.5
77 14.9
78 10.4
79 11.6
80 13.3
81 10.5
82 10.9
83 11.8
84 5.2
85 9.5
86 8.6
87 9.4
88 11.8
89 11.8
90 9.6
91 10.9
92 13.8
93 10
94 11.4
95 13.2
96 8.3
97 11.7
98 6.6
99 11
100 8
101 7.2
102 13.9
103 9.6
104 11.8
105 9.8
106 15.2
107 10.3
108 9.8
109 11.6
110 12.3
111 11
112 12.4
113 11.7
114 10.2
115 9.6
116 14
117 9.9
118 13.9
119 15.8
120 13.5
121 11.8
122 10.9
123 11.4
124 11.5
125 13
126 11.8
127 13
128 9.8
129 12.9
130 13.4
131 12.2
132 10.3
133 8.2
134 12.9
135 0
136 0
137 0
138 0
139 0
140 0
